00000010
00000012
00000023
00000024
00000027
00000028
00000029
00000032
00000039
00000046
00000047
00000052
00000061
00000064
00000069
00000070
00000072
00000077
00000090
00000096
00000099
00000107
00000113
00000119
00000132
00000168
00000171
00000178
00000191
00000195
00000197
00000198
00000209
00000218
00000226
00000230
00000232
00000235
00000245
00000246
00000254
00000255
00000256
00000270
00000299
00000305
00000307
00000315
00000317
00000325
00000327
00000335
00000336
00000342
00000347
00000350
00000354
00000356
00000357
00000358
00000360
00000361
00000369
00000383
00000384
00000391
00000402
00000420
00000422
00000428
00000429
00000431
00000438
00000439
00000440
00000441
00000444
00000450
00000452
00000466
00000467
00000490
00000494
00000495
00000497
00000499
00000509
00000513
00000518
00000519
00000521
00000522
00000523
00000525
00000526
00000527
00000529
00000532
00000533
00000534
00000535
00000538
00000541
00000542
00000543
00000545
00000549
00000554
00000555
00000556
00000561
00000562
00000563
00000568
00000570
00000572
00000574
00000575
00000577
00000580
00000581
00000583
00000589
00000591
00000592
00000594
00000595
00000596
00000597
00000598
00000601
00000602
00000607
00000610
00000612
00000613
00000614
00000616
00000625
00000626
00000627
00000629
00000631
00000632
00000638
00000643
00000644
00000646
00000647
00000648
00000649
00000650
00000651
00000652
00000653
00000654
00000655
00000657
00000658
00000659
00000660
00000662
00000663
00000664
00000665
00000668
00000677
00000682
00000685
00000687
00000688
00000689
00000692
00000693
00000694
00000695
00000699
00000700
00000703
00000704
00000706
00000711
00000712
00000713
00000714
00000715
00000716
00000717
00000718
00000719
00000720
00000722
00000725
00000727
00000729
00000730
00000734
00000735
00000740
00000743
00000744
00000745
00000746
00000749
00000754
00000756
00000757
00000758
00000765
00000766
00000767
00000768
00000770
00000772
00000773
00000775
00000778
00000780
00000783
00000786
00000788
00000791
00000792
00000793
00000794
00000797
00000798
00000801
00000804
00000806
00000808
00000809
00000811
00000812
00000813
00000815
00000817
00000822
00000823
00000825
00000828
00000829
00000830
00000832
00000833
00000834
00000835
00000840
00000842
00000843
00000844
00000849
00000850
00000856
00000857
00000859
00000860
00000861
00000862
00000863
00000866
00000870
00000871
00000872
00000873
00000877
00000881
00000882
00000885
00000891
00000892
00000893
00000896
00000897
00000901
00000907
00000908
00000909
00000913
00000914
00000915
00000918
00000920
00000922
00000924
00000930
00000931
00000932
00000933
00000935
00000936
00000940
00000942
00000944
00000945
00000946
00000948
00000953
00000956
00000957
00000965
00000966
00000967
00000968
00000971
00000973
00000974
00000981
00000982
00000984
00000986
00000988
00000991
00000993
00000995
00000997